Category: All categories
TOP
nike,100
iphone,91
amazon,84
samsung,75
adidas,45
tv,35
walmart,27
redmi,22
xiaomi,22
iphone 14,20
ebay,19
iphone 11,19
iphone 13,17
puma,17
ikea,16
shein,15
google,15
iphone 12,14
flipkart,14
ps4,14
sofa,13
ps5,12
new balance,12
iphone 14 pro,12
mercado livre,12

RISING
xero.com,+700%
expedia.com,+600%
hp.com,+550%
target.com,+350%

