Category: All categories
TOP
song,100
movie,57
video,50
songs,31
dj,20
film,19
cartoon cartoon,17
karaoke,16
cartoon,16
gana,16
music,14
game,13
minecraft,12
movies,12
news,12
new song,11
tiktok,10
hindi movie,9
comedy,8
roblox,7
youtube,7
asmr,7
musica,7
dj song,6
funny,5

RISING
stecu,"+1,050%"
tralalero tralala,+500%
tung tung tung sahur,+300%
mehandi design,+130%
judwaa drama,+130%
mehndi design,+120%
master chef mexico celebrity 2025,+80%
aaj tak live,+60%
اغاني,+50%
jhol,+50%
minecraft,+50%

